  0.0000000000000000,
  0.0632455532033676,
  0.1044766094595442,
  0.1554668045954721,
  0.3209962581679405,
  0.4850084528365077,
  0.6242923356083490,
  0.8042923356083489,
  0.9670805415693460,
  1.0700368429792160,
  1.1980993277278730,
  1.3562132107362920,
  1.5091837961440757,
  1.6798442778028360,
  1.8199335350640549,
  2.0024164109730016,
  2.1576581579356020,
  2.3638134392164850,
  2.5059401432520040,
  2.6280056994093410,
  2.7202011439822700,
  2.8406170897701930,
  2.9483203859128833,
  3.0483203859128833,
  3.1264228826719500,
  3.2472533424078955,
  3.3680838021438410,
  3.5136859999294514,
  3.6277035424393653,
  3.7381571526112380,
  3.8481571526112380,
  3.8991473477471660,
  3.9693256919852570,
  4.0195750700908620,
